! 6-311++G(2d,2p) Triple-Zeta + Double Diffuse + Polarization Basis Set
! Source: Basis Set Exchange (https://www.basissetexchange.org)
!
H  0
S  3  1.00
         33.8650000000    0.0254938000
          5.0947900000    0.1903730000
          1.1587900000    0.8521610000
S  1  1.00
          0.3258400000    1.0000000000
S  1  1.00
          0.1027410000    1.0000000000
S  1  1.00
          0.0360000000    1.0000000000
P  1  1.00
          1.5000000000    1.0000000000
P  1  1.00
          0.3750000000    1.0000000000
****
Li  0
S  6  1.00
        900.4600000000    0.0022870400
        134.4330000000    0.0176350000
         30.4365000000    0.0873434000
          8.6263900000    0.2809770000
          2.4833200000    0.6587410000
          0.3031790000    0.1187120000
SP  3  1.00
          4.8689000000    0.0933293000    0.0327661000
          0.8569240000    0.9430450000    0.1597920000
          0.2432270000   -0.0027982700    0.8856670000
SP  1  1.00
          0.0635070000    1.0000000000    1.0000000000
SP  1  1.00
          0.0243683000    1.0000000000    1.0000000000
SP  1  1.00
          0.0074000000    1.0000000000    1.0000000000
D  1  1.00
          0.4000000000    1.0000000000
D  1  1.00
          0.1000000000    1.0000000000
****
Be  0
S  6  1.00
       1682.8000000000    0.0022857400
        251.7150000000    0.0175938000
         57.4116000000    0.0863315000
         16.5171000000    0.2818350000
          4.8536400000    0.6405940000
          0.6268630000    0.1444670000
SP  3  1.00
          8.3093800000    0.1086210000    0.0361344000
          1.7407500000    0.9273010000    0.2169580000
          0.4858160000   -0.0029716900    0.8418390000
SP  1  1.00
          0.1636130000    1.0000000000    1.0000000000
SP  1  1.00
          0.0567285000    1.0000000000    1.0000000000
SP  1  1.00
          0.0207000000    1.0000000000    1.0000000000
D  1  1.00
          0.5100000000    1.0000000000
D  1  1.00
          0.1275000000    1.0000000000
****
B  0
S  6  1.00
       2858.8900000000    0.0021537500
        428.1400000000    0.0165823000
         97.5282000000    0.0821870000
         27.9693000000    0.2766180000
          8.2157700000    0.6293160000
          1.1127800000    0.1737700000
SP  3  1.00
         13.2415000000    0.1174430000    0.0418100000
          3.0016600000    0.9180020000    0.2365750000
          0.9128560000   -0.0026510500    0.8162140000
SP  1  1.00
          0.3154540000    1.0000000000    1.0000000000
SP  1  1.00
          0.0988563000    1.0000000000    1.0000000000
SP  1  1.00
          0.0315000000    1.0000000000    1.0000000000
D  1  1.00
          0.8020000000    1.0000000000
D  1  1.00
          0.2005000000    1.0000000000
****
C  0
S  6  1.00
       4563.2400000000    0.0019666500
        682.0240000000    0.0152306000
        154.9730000000    0.0761269000
         44.4553000000    0.2608010000
         13.0290000000    0.6164620000
          1.8277300000    0.2210060000
SP  3  1.00
         20.9642000000    0.1146600000    0.0402487000
          4.8033100000    0.9199990000    0.2375940000
          1.4593300000   -0.0030306800    0.8158540000
SP  1  1.00
          0.4834560000    1.0000000000    1.0000000000
SP  1  1.00
          0.1455850000    1.0000000000    1.0000000000
SP  1  1.00
          0.0438000000    1.0000000000    1.0000000000
D  1  1.00
          1.2520000000    1.0000000000
D  1  1.00
          0.3130000000    1.0000000000
****
N  0
S  6  1.00
       6293.4800000000    0.0019697900
        949.0440000000    0.0149613000
        218.7760000000    0.0735006000
         63.6916000000    0.2489370000
         18.8282000000    0.6024600000
          2.7202300000    0.2562020000
SP  3  1.00
         30.6331000000    0.1119060000    0.0383119000
          7.0261400000    0.9216660000    0.2374030000
          2.1120500000   -0.0025691900    0.8175920000
SP  1  1.00
          0.6840090000    1.0000000000    1.0000000000
SP  1  1.00
          0.2008780000    1.0000000000    1.0000000000
SP  1  1.00
          0.0639000000    1.0000000000    1.0000000000
D  1  1.00
          1.8260000000    1.0000000000
D  1  1.00
          0.4565000000    1.0000000000
****
O  0
S  6  1.00
       8588.5000000000    0.0018951500
       1297.2300000000    0.0143859000
        299.2960000000    0.0707320000
         87.3771000000    0.2400010000
         25.6789000000    0.5947970000
          3.7400400000    0.2808020000
SP  3  1.00
         42.1175000000    0.1138890000    0.0365114000
          9.6283700000    0.9208110000    0.2371530000
          2.8533200000   -0.0032744700    0.8197020000
SP  1  1.00
          0.9056610000    1.0000000000    1.0000000000
SP  1  1.00
          0.2556110000    1.0000000000    1.0000000000
SP  1  1.00
          0.0845000000    1.0000000000    1.0000000000
D  1  1.00
          2.5840000000    1.0000000000
D  1  1.00
          0.6460000000    1.0000000000
****
F  0
S  6  1.00
      11427.1000000000    0.0018009300
       1722.3500000000    0.0137419000
        395.7460000000    0.0681334000
        115.1390000000    0.2333250000
         33.6026000000    0.5890860000
          4.9190100000    0.2995050000
SP  3  1.00
         55.4441000000    0.1145360000    0.0354609000
         12.6323000000    0.9205120000    0.2374510000
          3.7175600000   -0.0033780400    0.8204580000
SP  1  1.00
          1.1654500000    1.0000000000    1.0000000000
SP  1  1.00
          0.3218920000    1.0000000000    1.0000000000
SP  1  1.00
          0.1076000000    1.0000000000    1.0000000000
D  1  1.00
          3.5000000000    1.0000000000
D  1  1.00
          0.8750000000    1.0000000000
****
Ne  0
S  6  1.00
      13995.7000000000    0.0018327600
       2117.1000000000    0.0138827000
        490.4250000000    0.0680687000
        143.8330000000    0.2313280000
         41.9265000000    0.5858900000
          6.1568400000    0.3058830000
SP  3  1.00
         69.1211000000    0.1191490000    0.0356574000
         15.8350000000    0.9173750000    0.2394770000
          4.6732600000   -0.0040583900    0.8184610000
SP  1  1.00
          1.4575600000    1.0000000000    1.0000000000
SP  1  1.00
          0.3970570000    1.0000000000    1.0000000000
SP  1  1.00
          0.1300000000    1.0000000000    1.0000000000
D  1  1.00
          4.6080000000    1.0000000000
D  1  1.00
          1.1520000000    1.0000000000
****
Na  0
S  6  1.00
      36166.4000000000    0.0010320000
       5372.5800000000    0.0080710000
       1213.2100000000    0.0421290000
        339.6230000000    0.1697890000
        109.5530000000    0.5146210000
         38.7773000000    0.3798170000
S  3  1.00
         38.7773000000    0.3747620000
         14.5759000000    0.5757690000
          5.2699300000    0.1129330000
S  1  1.00
          1.8277700000    1.0000000000
S  1  1.00
          0.6199480000    1.0000000000
S  1  1.00
          0.0572400000    1.0000000000
S  1  1.00
          0.0240480000    1.0000000000
P  4  1.00
        144.6450000000    0.0114850000
         33.9074000000    0.0823830000
         10.6285000000    0.3196580000
          3.8238900000    0.7012950000
P  2  1.00
          1.4442900000    0.6385060000
          0.5526210000    0.4253650000
P  1  1.00
          0.1887200000    1.0000000000
P  1  1.00
          0.0465010000    1.0000000000
P  1  1.00
          0.0162850000    1.0000000000
SP  1  1.00
          0.0076000000    1.0000000000    1.0000000000
D  1  1.00
          0.3500000000    1.0000000000
D  1  1.00
          0.0875000000    1.0000000000
****
Mg  0
S  6  1.00
      43866.5000000000    0.0009180000
       6605.3700000000    0.0070470000
       1513.2600000000    0.0359410000
        432.3170000000    0.1414610000
        142.1490000000    0.4267640000
         51.3983000000    0.4979750000
S  3  1.00
         51.3983000000    0.2513550000
         19.9196000000    0.6186710000
          8.0247400000    0.1884170000
S  1  1.00
          2.5081700000    1.0000000000
S  1  1.00
          0.8715310000    1.0000000000
S  1  1.00
          0.1081880000    1.0000000000
S  1  1.00
          0.0401300000    1.0000000000
P  4  1.00
        193.8540000000    0.0101880000
         45.4420000000    0.0753600000
         14.1864000000    0.3074190000
          5.0575100000    0.7175750000
P  2  1.00
          1.8886100000    0.6673390000
          0.7226520000    0.3946490000
P  1  1.00
          0.2364170000    1.0000000000
P  1  1.00
          0.0933580000    1.0000000000
P  1  1.00
          0.0348090000    1.0000000000
SP  1  1.00
          0.0146000000    1.0000000000    1.0000000000
D  1  1.00
          0.3500000000    1.0000000000
D  1  1.00
          0.0875000000    1.0000000000
****
Al  0
S  6  1.00
      54866.4890000000    0.0008390000
       8211.7665000000    0.0065270000
       1866.1761000000    0.0336660000
        531.1293400000    0.1329020000
        175.1179700000    0.4012660000
         64.0055000000    0.5313380000
S  3  1.00
         64.0055000000    0.2023050000
         25.2925070000    0.6247900000
         10.5349100000    0.2274390000
S  1  1.00
          3.2067110000    1.0000000000
S  1  1.00
          1.1525550000    1.0000000000
S  1  1.00
          0.1766780000    1.0000000000
S  1  1.00
          0.0652370000    1.0000000000
P  4  1.00
        259.2836200000    0.0094480000
         61.0768700000    0.0709740000
         19.3032370000    0.2956360000
          7.0108820000    0.7282190000
P  2  1.00
          2.6738650000    0.6444670000
          1.0365960000    0.4174130000
P  1  1.00
          0.3168190000    1.0000000000
P  1  1.00
          0.1142570000    1.0000000000
SP  1  1.00
          0.0318000000    1.0000000000    1.0000000000
P  1  1.00
          0.0413970000    1.0000000000
D  1  1.00
          0.6500000000    1.0000000000
D  1  1.00
          0.1625000000    1.0000000000
****
Si  0
S  6  1.00
      69379.2300000000    0.0007570000
      10354.9400000000    0.0059320000
       2333.8796000000    0.0310880000
        657.1429500000    0.1249670000
        214.3011300000    0.3868970000
         77.6291680000    0.5548880000
S  3  1.00
         77.6291680000    0.1778810000
         30.6308070000    0.6277650000
         12.8012950000    0.2476230000
S  1  1.00
          3.9268660000    1.0000000000
S  1  1.00
          1.4523430000    1.0000000000
S  1  1.00
          0.2562340000    1.0000000000
S  1  1.00
          0.0942790000    1.0000000000
P  4  1.00
        335.4831900000    0.0088660000
         78.9003660000    0.0682990000
         24.9881500000    0.2909580000
          9.2197110000    0.7321170000
P  2  1.00
          3.6211400000    0.6198790000
          1.4513100000    0.4391480000
P  1  1.00
          0.5049770000    1.0000000000
P  1  1.00
          0.1863170000    1.0000000000
P  1  1.00
          0.0654320000    1.0000000000
SP  1  1.00
          0.0331000000    1.0000000000    1.0000000000
D  1  1.00
          0.9000000000    1.0000000000
D  1  1.00
          0.2250000000    1.0000000000
****
P  0
S  6  1.00
      77492.4000000000    0.0007810000
      11605.8000000000    0.0060680000
       2645.9600000000    0.0311600000
        754.9760000000    0.1234310000
        248.7550000000    0.3782090000
         91.1565000000    0.5632620000
S  3  1.00
         91.1565000000    0.1602550000
         36.2257000000    0.6276470000
         15.2113000000    0.2638490000
S  1  1.00
          4.7941700000    1.0000000000
S  1  1.00
          1.8079300000    1.0000000000
S  1  1.00
          0.3568160000    1.0000000000
S  1  1.00
          0.1147830000    1.0000000000
P  4  1.00
        384.8430000000    0.0092060000
         90.5521000000    0.0698740000
         29.1339000000    0.2924700000
         10.8862000000    0.7281030000
P  2  1.00
          4.3525900000    0.6283490000
          1.7770600000    0.4280440000
P  1  1.00
          0.6970050000    1.0000000000
P  1  1.00
          0.2535320000    1.0000000000
P  1  1.00
          0.0684930000    1.0000000000
SP  1  1.00
          0.0348000000    1.0000000000    1.0000000000
D  1  1.00
          1.1000000000    1.0000000000
D  1  1.00
          0.2750000000    1.0000000000
****
S  0
S  6  1.00
      93413.4000000000    0.0007430000
      13961.7000000000    0.0057930000
       3169.9100000000    0.0299540000
        902.4560000000    0.1190280000
        297.1580000000    0.3684320000
        108.7020000000    0.5772990000
S  3  1.00
        108.7020000000    0.1431860000
         43.1553000000    0.6244650000
         18.1079000000    0.2833660000
S  1  1.00
          5.5600900000    1.0000000000
S  1  1.00
          2.1318300000    1.0000000000
S  1  1.00
          0.4204030000    1.0000000000
S  1  1.00
          0.1360450000    1.0000000000
P  4  1.00
        495.0400000000    0.0083090000
        117.2210000000    0.0640240000
         37.7749000000    0.2776140000
         14.0584000000    0.7450760000
P  2  1.00
          5.5657400000    0.6137120000
          2.2629700000    0.4438180000
P  1  1.00
          0.8079940000    1.0000000000
P  1  1.00
          0.2774600000    1.0000000000
P  1  1.00
          0.0771410000    1.0000000000
SP  1  1.00
          0.0405000000    1.0000000000    1.0000000000
D  1  1.00
          1.3000000000    1.0000000000
D  1  1.00
          0.3250000000    1.0000000000
****
Cl  0
S  6  1.00
     105819.0000000000    0.0007380000
      15872.0000000000    0.0057180000
       3619.6500000000    0.0294950000
       1030.8000000000    0.1172860000
        339.9080000000    0.3629490000
        124.5380000000    0.5841490000
S  3  1.00
        124.5380000000    0.1341770000
         49.5135000000    0.6242500000
         20.8056000000    0.2917560000
S  1  1.00
          6.5834600000    1.0000000000
S  1  1.00
          2.5646800000    1.0000000000
S  1  1.00
          0.5597630000    1.0000000000
S  1  1.00
          0.1832730000    1.0000000000
P  5  1.00
        589.7760000000    0.0023910000
        139.8490000000    0.0185040000
         45.1413000000    0.0813770000
         16.8733000000    0.2215520000
          6.7411000000    0.7725690000
P  2  1.00
          6.7411000000   -1.5722440000
          2.7715200000    0.9923890000
P  1  1.00
          1.0238700000    1.0000000000
P  1  1.00
          0.3813680000    1.0000000000
P  1  1.00
          0.1094370000    1.0000000000
SP  1  1.00
          0.0483000000    1.0000000000    1.0000000000
D  1  1.00
          1.5000000000    1.0000000000
D  1  1.00
          0.3750000000    1.0000000000
****
Ar  0
S  6  1.00
     118022.3800000000    0.0007470000
      17683.5410000000    0.0057900000
       4027.7657000000    0.0299190000
       1145.3977000000    0.1192060000
        377.1637500000    0.3690280000
        138.1596900000    0.5764590000
S  3  1.00
        138.1596900000    0.1439270000
         54.9891170000    0.6229380000
         23.1706670000    0.2839640000
S  1  1.00
          7.3778600000    1.0000000000
S  1  1.00
          2.9236880000    1.0000000000
S  1  1.00
          0.6504050000    1.0000000000
S  1  1.00
          0.2328250000    1.0000000000
P  5  1.00
        663.0620100000    0.0030820000
        157.0928100000    0.0241650000
         50.2311000000    0.1082230000
         18.6353450000    0.2941920000
          7.4465370000    0.6878620000
P  2  1.00
          7.4465370000   -0.1214482000
          3.0956980000    0.1632370000
P  1  1.00
          1.1064630000    1.0000000000
P  1  1.00
          0.4156010000    1.0000000000
P  1  1.00
          0.1454490000    1.0000000000
SP  1  1.00
          0.0600000000    1.0000000000    1.0000000000
D  1  1.00
          1.7000000000    1.0000000000
D  1  1.00
          0.4250000000    1.0000000000
****
