! aug-cc-pVQZ Augmented Correlation-Consistent Quadruple-Zeta
! Reference: R.A. Kendall, T.H. Dunning Jr., R.J. Harrison, JCP 96, 6796 (1992)
! Source: Basis Set Exchange (https://www.basissetexchange.org)
!
H  0
S  3  1.00
         82.6400000000      0.0020060000
         12.4100000000      0.0153430000
          2.8240000000      0.0755790000
S  1  1.00
          0.7977000000      1.0000000000
S  1  1.00
          0.2581000000      1.0000000000
S  1  1.00
          0.0898900000      1.0000000000
S  1  1.00
          0.0236300000      1.0000000000
P  1  1.00
          2.2920000000      1.0000000000
P  1  1.00
          0.8380000000      1.0000000000
P  1  1.00
          0.2920000000      1.0000000000
P  1  1.00
          0.0848000000      1.0000000000
D  1  1.00
          2.0620000000      1.0000000000
D  1  1.00
          0.6620000000      1.0000000000
D  1  1.00
          0.1900000000      1.0000000000
F  1  1.00
          1.3970000000      1.0000000000
F  1  1.00
          0.3600000000      1.0000000000
****
He  0
S  4  1.00
        528.5000000000      0.0009400000
         79.3100000000      0.0072140000
         18.0500000000      0.0359750000
          5.0850000000      0.1277820000
S  1  1.00
          1.6090000000      1.0000000000
S  1  1.00
          0.5363000000      1.0000000000
S  1  1.00
          0.1833000000      1.0000000000
S  1  1.00
          0.0481900000      1.0000000000
P  1  1.00
          5.9940000000      1.0000000000
P  1  1.00
          1.7450000000      1.0000000000
P  1  1.00
          0.5600000000      1.0000000000
P  1  1.00
          0.1626000000      1.0000000000
D  1  1.00
          4.2990000000      1.0000000000
D  1  1.00
          1.2230000000      1.0000000000
D  1  1.00
          0.3510000000      1.0000000000
F  1  1.00
          2.6800000000      1.0000000000
F  1  1.00
          0.6906000000      1.0000000000
****
Li  0
S  9  1.00
       6601.0000000000      0.0001170000
        989.7000000000      0.0009110000
        225.7000000000      0.0047280000
         64.2900000000      0.0191970000
         21.1800000000      0.0630470000
          7.7240000000      0.1632080000
          3.0030000000      0.3148270000
          1.2120000000      0.3939360000
          0.4930000000      0.1969180000
S  9  1.00
       6601.0000000000     -0.0000180000
        989.7000000000     -0.0001420000
        225.7000000000     -0.0007410000
         64.2900000000     -0.0030200000
         21.1800000000     -0.0101230000
          7.7240000000     -0.0270940000
          3.0030000000     -0.0573590000
          1.2120000000     -0.0938950000
          0.4930000000     -0.1210910000
S  1  1.00
          0.0951500000      1.0000000000
S  1  1.00
          0.0479100000      1.0000000000
S  1  1.00
          0.0222000000      1.0000000000
S  1  1.00
          0.0063600000      1.0000000000
P  3  1.00
          6.2500000000      0.0033880000
          1.3700000000      0.0193160000
          0.3672000000      0.0791040000
P  1  1.00
          0.1192000000      1.0000000000
P  1  1.00
          0.0447400000      1.0000000000
P  1  1.00
          0.0179500000      1.0000000000
P  1  1.00
          0.0075600000      1.0000000000
D  1  1.00
          0.3440000000      1.0000000000
D  1  1.00
          0.1530000000      1.0000000000
D  1  1.00
          0.0680000000      1.0000000000
D  1  1.00
          0.0266000000      1.0000000000
F  1  1.00
          0.2460000000      1.0000000000
F  1  1.00
          0.1292000000      1.0000000000
F  1  1.00
          0.0552000000      1.0000000000
G  1  1.00
          0.2380000000      1.0000000000
G  1  1.00
          0.1050000000      1.0000000000
****
Be  0
S  9  1.00
      14630.0000000000      0.0000920000
       2191.0000000000      0.0007130000
        498.2000000000      0.0037350000
        140.9000000000      0.0154680000
         45.8600000000      0.0528740000
         16.4700000000      0.1456940000
          6.3190000000      0.3026810000
          2.5350000000      0.4049360000
          1.0350000000      0.2223870000
S  9  1.00
      14630.0000000000     -0.0000170000
       2191.0000000000     -0.0001300000
        498.2000000000     -0.0006790000
        140.9000000000     -0.0028570000
         45.8600000000     -0.0098130000
         16.4700000000     -0.0286090000
          6.3190000000     -0.0637600000
          2.5350000000     -0.1172310000
          1.0350000000     -0.1212020000
S  1  1.00
          0.2528000000      1.0000000000
S  1  1.00
          0.1052000000      1.0000000000
S  1  1.00
          0.0426100000      1.0000000000
S  1  1.00
          0.0143900000      1.0000000000
P  3  1.00
         14.0300000000      0.0040990000
          3.1680000000      0.0256260000
          0.9024000000      0.1037680000
P  1  1.00
          0.3036000000      1.0000000000
P  1  1.00
          0.1130000000      1.0000000000
P  1  1.00
          0.0428600000      1.0000000000
P  1  1.00
          0.0065000000      1.0000000000
D  1  1.00
          1.0720000000      1.0000000000
D  1  1.00
          0.4410000000      1.0000000000
D  1  1.00
          0.1811000000      1.0000000000
D  1  1.00
          0.0554000000      1.0000000000
F  1  1.00
          0.4810000000      1.0000000000
F  1  1.00
          0.2550000000      1.0000000000
F  1  1.00
          0.0930000000      1.0000000000
G  1  1.00
          0.4150000000      1.0000000000
G  1  1.00
          0.1834000000      1.0000000000
****
B  0
S  9  1.00
      23870.0000000000      0.0000880000
       3575.0000000000      0.0006870000
        812.8000000000      0.0036000000
        229.7000000000      0.0149490000
         74.6900000000      0.0514350000
         26.8100000000      0.1433020000
         10.3200000000      0.3009350000
          4.1780000000      0.4035260000
          1.7270000000      0.2253400000
S  9  1.00
      23870.0000000000     -0.0000180000
       3575.0000000000     -0.0001390000
        812.8000000000     -0.0007250000
        229.7000000000     -0.0030630000
         74.6900000000     -0.0105810000
         26.8100000000     -0.0313650000
         10.3200000000     -0.0710120000
          4.1780000000     -0.1321030000
          1.7270000000     -0.1230720000
S  1  1.00
          0.4704000000      1.0000000000
S  1  1.00
          0.1896000000      1.0000000000
S  1  1.00
          0.0739400000      1.0000000000
S  1  1.00
          0.0272100000      1.0000000000
P  3  1.00
         22.2600000000      0.0050950000
          5.0580000000      0.0332060000
          1.4870000000      0.1323140000
P  1  1.00
          0.5071000000      1.0000000000
P  1  1.00
          0.1812000000      1.0000000000
P  1  1.00
          0.0646300000      1.0000000000
P  1  1.00
          0.0187800000      1.0000000000
D  1  1.00
          1.1100000000      1.0000000000
D  1  1.00
          0.4020000000      1.0000000000
D  1  1.00
          0.1450000000      1.0000000000
D  1  1.00
          0.0466000000      1.0000000000
F  1  1.00
          0.8820000000      1.0000000000
F  1  1.00
          0.3110000000      1.0000000000
F  1  1.00
          0.1130000000      1.0000000000
G  1  1.00
          0.6730000000      1.0000000000
G  1  1.00
          0.2730000000      1.0000000000
****
C  0
S  9  1.00
      33980.0000000000      0.0000910000
       5089.0000000000      0.0007040000
       1157.0000000000      0.0036930000
        326.6000000000      0.0153600000
        106.1000000000      0.0529290000
         38.1100000000      0.1470430000
         14.7500000000      0.3056310000
          6.0350000000      0.3993450000
          2.5300000000      0.2170510000
S  9  1.00
      33980.0000000000     -0.0000190000
       5089.0000000000     -0.0001510000
       1157.0000000000     -0.0007850000
        326.6000000000     -0.0033240000
        106.1000000000     -0.0115120000
         38.1100000000     -0.0341600000
         14.7500000000     -0.0771730000
          6.0350000000     -0.1414930000
          2.5300000000     -0.1180190000
S  1  1.00
          0.7355000000      1.0000000000
S  1  1.00
          0.2905000000      1.0000000000
S  1  1.00
          0.1111000000      1.0000000000
S  1  1.00
          0.0414500000      1.0000000000
P  3  1.00
         34.5100000000      0.0053780000
          7.9150000000      0.0361320000
          2.3680000000      0.1424930000
P  1  1.00
          0.8132000000      1.0000000000
P  1  1.00
          0.2890000000      1.0000000000
P  1  1.00
          0.1007000000      1.0000000000
P  1  1.00
          0.0321800000      1.0000000000
D  1  1.00
          1.8480000000      1.0000000000
D  1  1.00
          0.6490000000      1.0000000000
D  1  1.00
          0.2280000000      1.0000000000
D  1  1.00
          0.0766000000      1.0000000000
F  1  1.00
          1.4190000000      1.0000000000
F  1  1.00
          0.4850000000      1.0000000000
F  1  1.00
          0.1870000000      1.0000000000
G  1  1.00
          1.0110000000      1.0000000000
G  1  1.00
          0.4240000000      1.0000000000
****
N  0
S  9  1.00
      45840.0000000000      0.0000920000
       6868.0000000000      0.0007170000
       1563.0000000000      0.0037490000
        442.4000000000      0.0155320000
        144.3000000000      0.0531460000
         52.1800000000      0.1467870000
         20.3400000000      0.3046630000
          8.3810000000      0.3976840000
          3.5290000000      0.2176410000
S  9  1.00
      45840.0000000000     -0.0000200000
       6868.0000000000     -0.0001590000
       1563.0000000000     -0.0008240000
        442.4000000000     -0.0034780000
        144.3000000000     -0.0119660000
         52.1800000000     -0.0353880000
         20.3400000000     -0.0800770000
          8.3810000000     -0.1467220000
          3.5290000000     -0.1163600000
S  1  1.00
          1.0540000000      1.0000000000
S  1  1.00
          0.4118000000      1.0000000000
S  1  1.00
          0.1552000000      1.0000000000
S  1  1.00
          0.0546400000      1.0000000000
P  3  1.00
         49.3300000000      0.0055330000
         11.3700000000      0.0379620000
          3.4350000000      0.1490280000
P  1  1.00
          1.1820000000      1.0000000000
P  1  1.00
          0.4173000000      1.0000000000
P  1  1.00
          0.1428000000      1.0000000000
P  1  1.00
          0.0440200000      1.0000000000
D  1  1.00
          2.8370000000      1.0000000000
D  1  1.00
          0.9680000000      1.0000000000
D  1  1.00
          0.3350000000      1.0000000000
D  1  1.00
          0.1110000000      1.0000000000
F  1  1.00
          2.0270000000      1.0000000000
F  1  1.00
          0.6850000000      1.0000000000
F  1  1.00
          0.2450000000      1.0000000000
G  1  1.00
          1.4270000000      1.0000000000
G  1  1.00
          0.5590000000      1.0000000000
****
O  0
S  9  1.00
      61420.0000000000      0.0000900000
       9199.0000000000      0.0006980000
       2091.0000000000      0.0036640000
        590.9000000000      0.0152180000
        192.3000000000      0.0524230000
         69.3200000000      0.1459210000
         26.9700000000      0.3052580000
         11.1000000000      0.3985080000
          4.6820000000      0.2169800000
S  9  1.00
      61420.0000000000     -0.0000200000
       9199.0000000000     -0.0001590000
       2091.0000000000     -0.0008290000
        590.9000000000     -0.0035080000
        192.3000000000     -0.0121560000
         69.3200000000     -0.0362610000
         26.9700000000     -0.0829920000
         11.1000000000     -0.1520900000
          4.6820000000     -0.1153310000
S  1  1.00
          1.4280000000      1.0000000000
S  1  1.00
          0.5547000000      1.0000000000
S  1  1.00
          0.2067000000      1.0000000000
S  1  1.00
          0.0695900000      1.0000000000
P  3  1.00
         63.4200000000      0.0060440000
         14.6600000000      0.0417990000
          4.4590000000      0.1611430000
P  1  1.00
          1.5310000000      1.0000000000
P  1  1.00
          0.5302000000      1.0000000000
P  1  1.00
          0.1750000000      1.0000000000
P  1  1.00
          0.0534800000      1.0000000000
D  1  1.00
          3.7750000000      1.0000000000
D  1  1.00
          1.3000000000      1.0000000000
D  1  1.00
          0.4440000000      1.0000000000
D  1  1.00
          0.1540000000      1.0000000000
F  1  1.00
          2.6660000000      1.0000000000
F  1  1.00
          0.8590000000      1.0000000000
F  1  1.00
          0.3240000000      1.0000000000
G  1  1.00
          1.8460000000      1.0000000000
G  1  1.00
          0.7140000000      1.0000000000
****
F  0
S  9  1.00
      74530.0000000000      0.0000950000
      11170.0000000000      0.0007380000
       2543.0000000000      0.0038580000
        721.0000000000      0.0159260000
        235.9000000000      0.0542890000
         85.6000000000      0.1495130000
         33.5500000000      0.3082520000
         13.9300000000      0.3948530000
          5.9150000000      0.2110310000
S  9  1.00
      74530.0000000000     -0.0000220000
      11170.0000000000     -0.0001720000
       2543.0000000000     -0.0008910000
        721.0000000000     -0.0037480000
        235.9000000000     -0.0128620000
         85.6000000000     -0.0380610000
         33.5500000000     -0.0862390000
         13.9300000000     -0.1558650000
          5.9150000000     -0.1109140000
S  1  1.00
          1.8430000000      1.0000000000
S  1  1.00
          0.7124000000      1.0000000000
S  1  1.00
          0.2637000000      1.0000000000
S  1  1.00
          0.0859400000      1.0000000000
P  3  1.00
         80.3900000000      0.0063470000
         18.6300000000      0.0442040000
          5.6940000000      0.1685140000
P  1  1.00
          1.9530000000      1.0000000000
P  1  1.00
          0.6702000000      1.0000000000
P  1  1.00
          0.2166000000      1.0000000000
P  1  1.00
          0.0656800000      1.0000000000
D  1  1.00
          5.0140000000      1.0000000000
D  1  1.00
          1.7250000000      1.0000000000
D  1  1.00
          0.5860000000      1.0000000000
D  1  1.00
          0.2070000000      1.0000000000
F  1  1.00
          3.5620000000      1.0000000000
F  1  1.00
          1.1480000000      1.0000000000
F  1  1.00
          0.4600000000      1.0000000000
G  1  1.00
          2.3760000000      1.0000000000
G  1  1.00
          0.9240000000      1.0000000000
****
Ne  0
S  9  1.00
      99920.0000000000      0.0000860000
      14960.0000000000      0.0006690000
       3399.0000000000      0.0035180000
        958.9000000000      0.0146670000
        311.2000000000      0.0509620000
        111.7000000000      0.1437440000
         43.3200000000      0.3045620000
         17.8000000000      0.4001050000
          7.5030000000      0.2186440000
S  9  1.00
      99920.0000000000     -0.0000200000
      14960.0000000000     -0.0001580000
       3399.0000000000     -0.0008240000
        958.9000000000     -0.0035000000
        311.2000000000     -0.0122330000
        111.7000000000     -0.0370170000
         43.3200000000     -0.0861130000
         17.8000000000     -0.1583810000
          7.5030000000     -0.1142880000
S  1  1.00
          2.3370000000      1.0000000000
S  1  1.00
          0.9001000000      1.0000000000
S  1  1.00
          0.3301000000      1.0000000000
S  1  1.00
          0.1054000000      1.0000000000
P  3  1.00
         99.6800000000      0.0065660000
         23.1500000000      0.0459790000
          7.1080000000      0.1734190000
P  1  1.00
          2.4410000000      1.0000000000
P  1  1.00
          0.8339000000      1.0000000000
P  1  1.00
          0.2662000000      1.0000000000
P  1  1.00
          0.0817800000      1.0000000000
D  1  1.00
          6.4710000000      1.0000000000
D  1  1.00
          2.2130000000      1.0000000000
D  1  1.00
          0.7470000000      1.0000000000
D  1  1.00
          0.2730000000      1.0000000000
F  1  1.00
          4.6570000000      1.0000000000
F  1  1.00
          1.5240000000      1.0000000000
F  1  1.00
          0.6890000000      1.0000000000
G  1  1.00
          2.9830000000      1.0000000000
G  1  1.00
          1.2240000000      1.0000000000
****
Na  0
S  16  1.00
    1224000.0000000000      0.0000047889
     183200.0000000000      0.0000372395
      41700.0000000000      0.0001958310
      11810.0000000000      0.0008266980
       3853.0000000000      0.0030025100
       1391.0000000000      0.0097031000
        542.5000000000      0.0282337000
        224.9000000000      0.0732058000
         97.9300000000      0.1628970000
         44.3100000000      0.2887080000
         20.6500000000      0.3468290000
          9.7290000000      0.2068650000
          4.2280000000      0.0328009000
          1.9690000000     -0.0006477360
          0.8890000000      0.0014587800
          0.3964000000     -0.0001783460
S  16  1.00
    1224000.0000000000     -0.0000011696
     183200.0000000000     -0.0000090911
      41700.0000000000     -0.0000478499
      11810.0000000000     -0.0002019620
       3853.0000000000     -0.0007358370
       1391.0000000000     -0.0023874600
        542.5000000000     -0.0070496900
        224.9000000000     -0.0187856000
         97.9300000000     -0.0446153000
         44.3100000000     -0.0897741000
         20.6500000000     -0.1429400000
          9.7290000000     -0.1243150000
          4.2280000000      0.0999648000
          1.9690000000      0.4170800000
          0.8890000000      0.4751230000
          0.3964000000      0.1632680000
S  16  1.00
    1224000.0000000000      0.0000001759
     183200.0000000000      0.0000013659
      41700.0000000000      0.0000071980
      11810.0000000000      0.0000303349
       3853.0000000000      0.0001107520
       1391.0000000000      0.0003585960
        542.5000000000      0.0010627200
        224.9000000000      0.0028268700
         97.9300000000      0.0067674200
         44.3100000000      0.0136480000
         20.6500000000      0.0222814000
          9.7290000000      0.0196011000
          4.2280000000     -0.0167708000
          1.9690000000     -0.0773734000
          0.8890000000     -0.1135010000
          0.3964000000     -0.1391300000
S  1  1.00
          0.0699300000      1.0000000000
S  1  1.00
          0.0328900000      1.0000000000
S  1  1.00
          0.0161200000      1.0000000000
S  1  1.00
          0.0050300000      1.0000000000
P  9  1.00
        413.4000000000      0.0009081960
         97.9800000000      0.0074177300
         31.3700000000      0.0357464000
         11.6200000000      0.1185200000
          4.6710000000      0.2614030000
          1.9180000000      0.3783950000
          0.7775000000      0.3346320000
          0.3013000000      0.1268440000
          0.2275000000     -0.0147117000
P  9  1.00
        413.4000000000     -0.0000901741
         97.9800000000     -0.0007393420
         31.3700000000     -0.0035730900
         11.6200000000     -0.0120142000
          4.6710000000     -0.0267178000
          1.9180000000     -0.0392753000
          0.7775000000     -0.0376083000
          0.3013000000     -0.0433228000
          0.2275000000      0.0518003000
P  1  1.00
          0.0752700000      1.0000000000
P  1  1.00
          0.0312600000      1.0000000000
P  1  1.00
          0.0134200000      1.0000000000
P  1  1.00
          0.0077200000      1.0000000000
D  1  1.00
          0.1538000000      1.0000000000
D  1  1.00
          0.0865000000      1.0000000000
D  1  1.00
          0.0487000000      1.0000000000
D  1  1.00
          0.0210000000      1.0000000000
F  1  1.00
          0.1912000000      1.0000000000
F  1  1.00
          0.1036000000      1.0000000000
F  1  1.00
          0.0453000000      1.0000000000
G  1  1.00
          0.1722000000      1.0000000000
G  1  1.00
          0.0866000000      1.0000000000
****
Mg  0
S  13  1.00
     327600.0000000000      0.0000309608
      49050.0000000000      0.0002409540
      11150.0000000000      0.0012666000
       3152.0000000000      0.0053335900
       1025.0000000000      0.0190770000
        368.8000000000      0.0588058000
        143.2000000000      0.1514540000
         58.9600000000      0.3007160000
         25.4000000000      0.3811490000
         11.1500000000      0.2135840000
          4.0040000000      0.0231210000
          1.7010000000     -0.0023075700
          0.7060000000      0.0012890000
S  13  1.00
     327600.0000000000     -0.0000078317
      49050.0000000000     -0.0000607935
      11150.0000000000     -0.0003211970
       3152.0000000000     -0.0013495500
       1025.0000000000     -0.0049057000
        368.8000000000     -0.0153561000
        143.2000000000     -0.0423409000
         58.9600000000     -0.0940603000
         25.4000000000     -0.1634250000
         11.1500000000     -0.1247540000
          4.0040000000      0.2356230000
          1.7010000000      0.5775630000
          0.7060000000      0.3352320000
S  13  1.00
     327600.0000000000      0.0000015091
      49050.0000000000      0.0000117134
      11150.0000000000      0.0000618980
       3152.0000000000      0.0002600880
       1025.0000000000      0.0009462180
        368.8000000000      0.0029659500
        143.2000000000      0.0082124500
         58.9600000000      0.0183977000
         25.4000000000      0.0326657000
         11.1500000000      0.0257315000
          4.0040000000     -0.0535351000
          1.7010000000     -0.1568950000
          0.7060000000     -0.2066590000
S  1  1.00
          0.1410000000      1.0000000000
S  1  1.00
          0.0680800000      1.0000000000
S  1  1.00
          0.0306300000      1.0000000000
S  1  1.00
          0.0123900000      1.0000000000
P  9  1.00
        539.6000000000      0.0008339690
        127.9000000000      0.0068921500
         41.0200000000      0.0337874000
         15.2500000000      0.1144010000
          6.1660000000      0.2595140000
          2.5610000000      0.3850950000
          1.0600000000      0.3353730000
          0.4176000000      0.1106410000
          0.2690000000     -0.0121315000
P  9  1.00
        539.6000000000     -0.0001320760
        127.9000000000     -0.0010953800
         41.0200000000     -0.0053949500
         15.2500000000     -0.0185572000
          6.1660000000     -0.0427375000
          2.5610000000     -0.0647684000
          1.0600000000     -0.0627818000
          0.4176000000     -0.0244912000
          0.2690000000      0.1047610000
P  1  1.00
          0.1223000000      1.0000000000
P  1  1.00
          0.0547600000      1.0000000000
P  1  1.00
          0.0238800000      1.0000000000
P  1  1.00
          0.0070600000      1.0000000000
D  1  1.00
          0.1060000000      1.0000000000
D  1  1.00
          0.1944000000      1.0000000000
D  1  1.00
          0.3570000000      1.0000000000
D  1  1.00
          0.0382000000      1.0000000000
F  1  1.00
          0.1810000000      1.0000000000
F  1  1.00
          0.3590000000      1.0000000000
F  1  1.00
          0.0700000000      1.0000000000
G  1  1.00
          0.3070000000      1.0000000000
G  1  1.00
          0.1480000000      1.0000000000
****
Al  0
S  13  1.00
     419600.0000000000      0.0000278219
      62830.0000000000      0.0002163300
      14290.0000000000      0.0011375400
       4038.0000000000      0.0047963500
       1312.0000000000      0.0172389000
        470.5000000000      0.0538066000
        181.8000000000      0.1413260000
         74.4600000000      0.2892680000
         31.9000000000      0.3848250000
         13.9600000000      0.2328520000
          5.1800000000      0.0293330000
          2.2650000000     -0.0030057400
          0.9664000000      0.0016667300
S  13  1.00
     419600.0000000000     -0.0000072375
      62830.0000000000     -0.0000561733
      14290.0000000000     -0.0002965280
       4038.0000000000     -0.0012491300
       1312.0000000000     -0.0045510100
        470.5000000000     -0.0144393000
        181.8000000000     -0.0403464000
         74.4600000000     -0.0922618000
         31.9000000000     -0.1645100000
         13.9600000000     -0.1412960000
          5.1800000000      0.1953650000
          2.2650000000      0.5724750000
          0.9664000000      0.3740410000
S  13  1.00
     419600.0000000000      0.0000016715
      62830.0000000000      0.0000129641
      14290.0000000000      0.0000685101
       4038.0000000000      0.0002882740
       1312.0000000000      0.0010527600
        470.5000000000      0.0033387800
        181.8000000000      0.0093921700
         74.4600000000      0.0216047000
         31.9000000000      0.0395873000
         13.9600000000      0.0349180000
          5.1800000000     -0.0528415000
          2.2650000000     -0.1918780000
          0.9664000000     -0.2541150000
S  1  1.00
          0.2447000000      1.0000000000
S  1  1.00
          0.1184000000      1.0000000000
S  1  1.00
          0.0502100000      1.0000000000
S  1  1.00
          0.0183000000      1.0000000000
P  8  1.00
        891.3000000000      0.0004917550
        211.3000000000      0.0041584300
         68.2800000000      0.0212538000
         25.7000000000      0.0764058000
         10.6300000000      0.1942770000
          4.6020000000      0.3344280000
          2.0150000000      0.3750260000
          0.8706000000      0.2040410000
P  8  1.00
        891.3000000000     -0.0000888695
        211.3000000000     -0.0007458230
         68.2800000000     -0.0038702500
         25.7000000000     -0.0139350000
         10.6300000000     -0.0366860000
          4.6020000000     -0.0627797000
          2.0150000000     -0.0789602000
          0.8706000000     -0.0288589000
P  1  1.00
          0.2972000000      1.0000000000
P  1  1.00
          0.1100000000      1.0000000000
P  1  1.00
          0.0398900000      1.0000000000
P  1  1.00
          0.0121000000      1.0000000000
D  1  1.00
          0.0804000000      1.0000000000
D  1  1.00
          0.1990000000      1.0000000000
D  1  1.00
          0.4940000000      1.0000000000
D  1  1.00
          0.0282000000      1.0000000000
F  1  1.00
          0.1540000000      1.0000000000
F  1  1.00
          0.4010000000      1.0000000000
F  1  1.00
          0.0582000000      1.0000000000
G  1  1.00
          0.3570000000      1.0000000000
G  1  1.00
          0.1530000000      1.0000000000
****
Si  0
S  13  1.00
     513000.0000000000      0.0000260920
      76820.0000000000      0.0002029050
      17470.0000000000      0.0010671500
       4935.0000000000      0.0045059700
       1602.0000000000      0.0162359000
        574.1000000000      0.0508913000
        221.5000000000      0.1351550000
         90.5400000000      0.2812920000
         38.7400000000      0.3853360000
         16.9500000000      0.2456510000
          6.4520000000      0.0343145000
          2.8740000000     -0.0033488400
          1.2500000000      0.0018762500
S  13  1.00
     513000.0000000000     -0.0000069488
      76820.0000000000     -0.0000539641
      17470.0000000000     -0.0002847160
       4935.0000000000     -0.0012020300
       1602.0000000000     -0.0043839700
        574.1000000000     -0.0139776000
        221.5000000000     -0.0393516000
         90.5400000000     -0.0914283000
         38.7400000000     -0.1656090000
         16.9500000000     -0.1525050000
          6.4520000000      0.1685240000
          2.8740000000      0.5692840000
          1.2500000000      0.3980560000
S  13  1.00
     513000.0000000000      0.0000017807
      76820.0000000000      0.0000138148
      17470.0000000000      0.0000730005
       4935.0000000000      0.0003076660
       1602.0000000000      0.0011256300
        574.1000000000      0.0035843500
        221.5000000000      0.0101728000
         90.5400000000      0.0237520000
         38.7400000000      0.0443483000
         16.9500000000      0.0419041000
          6.4520000000     -0.0502504000
          2.8740000000     -0.2165780000
          1.2500000000     -0.2864480000
S  1  1.00
          0.3599000000      1.0000000000
S  1  1.00
          0.1699000000      1.0000000000
S  1  1.00
          0.0706600000      1.0000000000
S  1  1.00
          0.0275000000      1.0000000000
P  8  1.00
       1122.0000000000      0.0004481430
        266.0000000000      0.0038163900
         85.9200000000      0.0198105000
         32.3300000000      0.0727017000
         13.3700000000      0.1898390000
          5.8000000000      0.3356720000
          2.5590000000      0.3793650000
          1.1240000000      0.2011930000
P  8  1.00
       1122.0000000000     -0.0000964883
        266.0000000000     -0.0008119710
         85.9200000000     -0.0043008700
         32.3300000000     -0.0157502000
         13.3700000000     -0.0429541000
          5.8000000000     -0.0752574000
          2.5590000000     -0.0971446000
          1.1240000000     -0.0227507000
P  1  1.00
          0.3988000000      1.0000000000
P  1  1.00
          0.1533000000      1.0000000000
P  1  1.00
          0.0572800000      1.0000000000
P  1  1.00
          0.0200000000      1.0000000000
D  1  1.00
          0.1200000000      1.0000000000
D  1  1.00
          0.3020000000      1.0000000000
D  1  1.00
          0.7600000000      1.0000000000
D  1  1.00
          0.0435000000      1.0000000000
F  1  1.00
          0.2120000000      1.0000000000
F  1  1.00
          0.5410000000      1.0000000000
F  1  1.00
          0.0846000000      1.0000000000
G  1  1.00
          0.4610000000      1.0000000000
G  1  1.00
          0.2120000000      1.0000000000
****
P  0
S  13  1.00
     615200.0000000000      0.0000247450
      92120.0000000000      0.0001924650
      20950.0000000000      0.0010120200
       5920.0000000000      0.0042726100
       1922.0000000000      0.0154161000
        688.0000000000      0.0485976000
        265.0000000000      0.1300600000
        108.2000000000      0.2745140000
         46.2200000000      0.3854020000
         20.2300000000      0.2559340000
          7.8590000000      0.0391237000
          3.5470000000     -0.0036801000
          1.5640000000      0.0020821100
S  13  1.00
     615200.0000000000     -0.0000067221
      92120.0000000000     -0.0000522311
      20950.0000000000     -0.0002753610
       5920.0000000000     -0.0011630700
       1922.0000000000     -0.0042428100
        688.0000000000     -0.0136114000
        265.0000000000     -0.0385114000
        108.2000000000     -0.0906643000
         46.2200000000     -0.1665840000
         20.2300000000     -0.1614470000
          7.8590000000      0.1467810000
          3.5470000000      0.5666820000
          1.5640000000      0.4164330000
S  13  1.00
     615200.0000000000      0.0000018474
      92120.0000000000      0.0000143380
      20950.0000000000      0.0000757228
       5920.0000000000      0.0003192050
       1922.0000000000      0.0011685100
        688.0000000000      0.0037426700
        265.0000000000      0.0106817000
        108.2000000000      0.0252657000
         46.2200000000      0.0479283000
         20.2300000000      0.0477096000
          7.8590000000     -0.0466525000
          3.5470000000     -0.2349680000
          1.5640000000     -0.3113370000
S  1  1.00
          0.4888000000      1.0000000000
S  1  1.00
          0.2266000000      1.0000000000
S  1  1.00
          0.0933100000      1.0000000000
S  1  1.00
          0.0354000000      1.0000000000
P  8  1.00
       1367.0000000000      0.0004210150
        324.0000000000      0.0036098500
        104.6000000000      0.0189217000
         39.3700000000      0.0705560000
         16.2600000000      0.1881570000
          7.0560000000      0.3387090000
          3.1300000000      0.3819430000
          1.3940000000      0.1952610000
P  8  1.00
       1367.0000000000     -0.0001008270
        324.0000000000     -0.0008544990
        104.6000000000     -0.0045711600
         39.3700000000     -0.0170327000
         16.2600000000     -0.0475204000
          7.0560000000     -0.0852786000
          3.1300000000     -0.1096760000
          1.3940000000     -0.0161181000
P  1  1.00
          0.5179000000      1.0000000000
P  1  1.00
          0.2032000000      1.0000000000
P  1  1.00
          0.0769800000      1.0000000000
P  1  1.00
          0.0272000000      1.0000000000
D  1  1.00
          0.1650000000      1.0000000000
D  1  1.00
          0.4130000000      1.0000000000
D  1  1.00
          1.0360000000      1.0000000000
D  1  1.00
          0.0594000000      1.0000000000
F  1  1.00
          0.2800000000      1.0000000000
F  1  1.00
          0.7030000000      1.0000000000
F  1  1.00
          0.1090000000      1.0000000000
G  1  1.00
          0.5970000000      1.0000000000
G  1  1.00
          0.2500000000      1.0000000000
****
S  0
S  13  1.00
     727800.0000000000      0.0000236025
     109000.0000000000      0.0001834820
      24800.0000000000      0.0009642780
       7014.0000000000      0.0040653700
       2278.0000000000      0.0146973000
        814.7000000000      0.0465081000
        313.4000000000      0.1255080000
        127.7000000000      0.2684330000
         54.4800000000      0.3848090000
         23.8500000000      0.2653720000
          9.4280000000      0.0437326000
          4.2900000000     -0.0037880700
          1.9090000000      0.0021808300
S  13  1.00
     727800.0000000000     -0.0000065218
     109000.0000000000     -0.0000506631
      24800.0000000000     -0.0002668330
       7014.0000000000     -0.0011260100
       2278.0000000000     -0.0041118600
        814.7000000000     -0.0132454000
        313.4000000000     -0.0377004000
        127.7000000000     -0.0898554000
         54.4800000000     -0.1670980000
         23.8500000000     -0.1693540000
          9.4280000000      0.1278240000
          4.2900000000      0.5648620000
          1.9090000000      0.4317670000
S  13  1.00
     727800.0000000000      0.0000018941
     109000.0000000000      0.0000146948
      24800.0000000000      0.0000775460
       7014.0000000000      0.0003265090
       2278.0000000000      0.0011968600
        814.7000000000      0.0038479900
        313.4000000000      0.0110539000
        127.7000000000      0.0264645000
         54.4800000000      0.0508771000
         23.8500000000      0.0530030000
          9.4280000000     -0.0425518000
          4.2900000000     -0.2508530000
          1.9090000000     -0.3331520000
S  1  1.00
          0.6270000000      1.0000000000
S  1  1.00
          0.2873000000      1.0000000000
S  1  1.00
          0.1172000000      1.0000000000
S  1  1.00
          0.0428000000      1.0000000000
P  8  1.00
       1546.0000000000      0.0004411830
        366.4000000000      0.0037757100
        118.4000000000      0.0198360000
         44.5300000000      0.0742063000
         18.3800000000      0.1973270000
          7.9650000000      0.3518510000
          3.5410000000      0.3786870000
          1.5910000000      0.1709310000
P  8  1.00
       1546.0000000000     -0.0001131100
        366.4000000000     -0.0009585810
        118.4000000000     -0.0051347100
         44.5300000000     -0.0192641000
         18.3800000000     -0.0535980000
          7.9650000000     -0.0960333000
          3.5410000000     -0.1181830000
          1.5910000000      0.0092319400
P  1  1.00
          0.6205000000      1.0000000000
P  1  1.00
          0.2420000000      1.0000000000
P  1  1.00
          0.0901400000      1.0000000000
P  1  1.00
          0.0317000000      1.0000000000
D  1  1.00
          0.2030000000      1.0000000000
D  1  1.00
          0.5040000000      1.0000000000
D  1  1.00
          1.2500000000      1.0000000000
D  1  1.00
          0.0748000000      1.0000000000
F  1  1.00
          0.3350000000      1.0000000000
F  1  1.00
          0.8690000000      1.0000000000
F  1  1.00
          0.1400000000      1.0000000000
G  1  1.00
          0.6830000000      1.0000000000
G  1  1.00
          0.2970000000      1.0000000000
****
Cl  0
S  13  1.00
     834900.0000000000      0.0000231688
     125000.0000000000      0.0001801540
      28430.0000000000      0.0009477820
       8033.0000000000      0.0040013900
       2608.0000000000      0.0144629000
        933.9000000000      0.0456586000
        360.0000000000      0.1232480000
        147.0000000000      0.2643690000
         62.8800000000      0.3829890000
         27.6000000000      0.2709340000
         11.0800000000      0.0471404000
          5.0750000000     -0.0037176600
          2.2780000000      0.0021915800
S  13  1.00
     834900.0000000000     -0.0000064965
     125000.0000000000     -0.0000504895
      28430.0000000000     -0.0002661130
       8033.0000000000     -0.0011249900
       2608.0000000000     -0.0041049700
        933.9000000000     -0.0131987000
        360.0000000000     -0.0375342000
        147.0000000000     -0.0897233000
         62.8800000000     -0.1676710000
         27.6000000000     -0.1747630000
         11.0800000000      0.1149090000
          5.0750000000      0.5636180000
          2.2780000000      0.4416060000
S  13  1.00
     834900.0000000000      0.0000019665
     125000.0000000000      0.0000152620
      28430.0000000000      0.0000806086
       8033.0000000000      0.0003399600
       2608.0000000000      0.0012455100
        933.9000000000      0.0039961200
        360.0000000000      0.0114751000
        147.0000000000      0.0275504000
         62.8800000000      0.0532917000
         27.6000000000      0.0571246000
         11.0800000000     -0.0395201000
          5.0750000000     -0.2643430000
          2.2780000000     -0.3492910000
S  1  1.00
          0.7775000000      1.0000000000
S  1  1.00
          0.3527000000      1.0000000000
S  1  1.00
          0.1431000000      1.0000000000
S  1  1.00
          0.0519000000      1.0000000000
P  8  1.00
       1703.0000000000      0.0004740390
        403.6000000000      0.0040641200
        130.3000000000      0.0213355000
         49.0500000000      0.0794611000
         20.2600000000      0.2089270000
          8.7870000000      0.3649450000
          3.9190000000      0.3717250000
          1.7650000000      0.1462920000
P  8  1.00
       1703.0000000000     -0.0001282660
        403.6000000000     -0.0010935600
        130.3000000000     -0.0058342900
         49.0500000000     -0.0219258000
         20.2600000000     -0.0601385000
          8.7870000000     -0.1069290000
          3.9190000000     -0.1224540000
          1.7650000000      0.0383619000
P  1  1.00
          0.7207000000      1.0000000000
P  1  1.00
          0.2839000000      1.0000000000
P  1  1.00
          0.1060000000      1.0000000000
P  1  1.00
          0.0376000000      1.0000000000
D  1  1.00
          0.2540000000      1.0000000000
D  1  1.00
          0.6280000000      1.0000000000
D  1  1.00
          1.5510000000      1.0000000000
D  1  1.00
          0.0952000000      1.0000000000
F  1  1.00
          0.4230000000      1.0000000000
F  1  1.00
          1.0890000000      1.0000000000
F  1  1.00
          0.2170000000      1.0000000000
G  1  1.00
          0.8270000000      1.0000000000
G  1  1.00
          0.3780000000      1.0000000000
****
Ar  0
S  13  1.00
     950600.0000000000      0.0000227545
     142300.0000000000      0.0001769450
      32360.0000000000      0.0009312820
       9145.0000000000      0.0039286000
       2970.0000000000      0.0142064000
       1064.0000000000      0.0448114000
        410.8000000000      0.1210010000
        168.0000000000      0.2605790000
         71.9900000000      0.3813640000
         31.6700000000      0.2760580000
         12.8900000000      0.0505179000
          5.9290000000     -0.0035986600
          2.6780000000      0.0021879800
S  13  1.00
     950600.0000000000     -0.0000064620
     142300.0000000000     -0.0000502346
      32360.0000000000     -0.0002648040
       9145.0000000000     -0.0011189500
       2970.0000000000     -0.0040827600
       1064.0000000000     -0.0131216000
        410.8000000000     -0.0372855000
        168.0000000000     -0.0894709000
         71.9900000000     -0.1680540000
         31.6700000000     -0.1795940000
         12.8900000000      0.1029530000
          5.9290000000      0.5626300000
          2.6780000000      0.4503550000
S  13  1.00
     950600.0000000000      0.0000020206
     142300.0000000000      0.0000156851
      32360.0000000000      0.0000828617
       9145.0000000000      0.0003492640
       2970.0000000000      0.0012797600
       1064.0000000000      0.0041036500
        410.8000000000      0.0117789000
        168.0000000000      0.0283868000
         71.9900000000      0.0552406000
         31.6700000000      0.0607492000
         12.8900000000     -0.0362012000
          5.9290000000     -0.2753980000
          2.6780000000     -0.3628450000
S  1  1.00
          0.9416000000      1.0000000000
S  1  1.00
          0.4239000000      1.0000000000
S  1  1.00
          0.1714000000      1.0000000000
S  1  1.00
          0.0610000000      1.0000000000
P  8  1.00
       1890.0000000000      0.0004957520
        447.8000000000      0.0042517200
        144.6000000000      0.0223277000
         54.4600000000      0.0830878000
         22.5100000000      0.2171100000
          9.7740000000      0.3745070000
          4.3680000000      0.3664450000
          1.9590000000      0.1292450000
P  8  1.00
       1890.0000000000     -0.0001388630
        447.8000000000     -0.0011887000
        144.6000000000     -0.0063255300
         54.4600000000     -0.0238813000
         22.5100000000     -0.0649238000
          9.7740000000     -0.1154440000
          4.3680000000     -0.1236510000
          1.9590000000      0.0649055000
P  1  1.00
          0.8260000000      1.0000000000
P  1  1.00
          0.3297000000      1.0000000000
P  1  1.00
          0.1242000000      1.0000000000
P  1  1.00
          0.0435000000      1.0000000000
D  1  1.00
          0.3110000000      1.0000000000
D  1  1.00
          0.7630000000      1.0000000000
D  1  1.00
          1.8730000000      1.0000000000
D  1  1.00
          0.1160000000      1.0000000000
F  1  1.00
          0.5430000000      1.0000000000
F  1  1.00
          1.3250000000      1.0000000000
F  1  1.00
          0.2940000000      1.0000000000
G  1  1.00
          1.0070000000      1.0000000000
G  1  1.00
          0.4590000000      1.0000000000
****
